5 张三     男 800211001 90 90 90 70 70 70
5 李四     男 800211002 89 90 90 70 70 70
6 王二麻子 男 800211002 89 90 90 70 70 70
4 张三丰   男 800211002 91 90 90 70 70 70
5 张三     男 800211001 90 90 90 70 70 70
5 李四     男 800211002 89 90 90 70 70 70
6 王二麻子 男 800211002 89 90 90 70 70 70
4 张三丰   男 800211002 91 90 90 70 70 70
5 张三     男 800211001 90 90 90 70 70 70
5 李四     男 800211002 89 90 90 70 70 70
6 王二麻子 男 800211002 89 90 90 70 70 70
4 张三丰   男 800211002 91 90 90 70 70 70
5 张三     男 800211001 90 90 90 70 70 70
5 李四     男 800211002 89 90 90 70 70 70
6 王二麻子 男 800211002 89 90 90 70 70 70
4 张三丰   男 800211002 91 90 90 70 70 70
5 张三     男 800211001 90 90 90 70 70 70
5 李四     男 800211002 89 90 90 70 70 70
6 王二麻子 男 800211002 89 90 90 70 70 70
4 张三丰   男 800211002 91 90 90 70 70 70
5 张三     男 800211001 90 90 90 70 70 70
5 李四     男 800211002 89 90 90 70 70 70
6 王二麻子 男 800211002 89 90 90 70 70 70
4 张三丰   男 800211002 91 90 90 70 70 70
5 张三     男 800211001 90 90 90 70 70 70
5 李四     男 800211002 89 90 90 70 70 70
6 王二麻子 男 800211002 89 90 90 70 70 70
4 张三丰   男 800211002 91 90 90 70 70 70
5 张三     男 800211001 90 90 90 70 70 70
5 李四     男 800211002 89 90 90 70 70 70
6 王二麻子 男 800211002 89 90 90 70 70 70
4 张三丰   男 800211002 91 90 90 70 70 72